8.186266548262002840e-03 -1.199168373153471079e-02 2.036382581189295216e-01
1.954134707129810602e-03 1.719076746667915628e-02 1.746171511805855725e-01
-7.497033460779796432e-04 4.434019352767522987e-02 1.181284999273388425e-01
-2.277300376467979517e-02 3.810791116776665599e-02 1.166689671341746282e-01
-2.403673457247252135e-02 3.695016108094420493e-02 1.217492976225839491e-01
-1.499067719924674844e-02 -1.259924851547145931e-02 2.007749867679032851e-01
1.082941257275288338e-02 5.526990031563579729e-03 2.115232687964648806e-01
3.175048716820919742e-02 3.065804395510515062e-03 1.830633622606872013e-01
2.836331252868892414e-02 3.616722883413854561e-02 1.607839002692033337e-01
2.395956941540646964e-02 1.974793791311613145e-02 1.130433879473919101e-01
-1.097819525720858738e-02 2.223586509613096479e-02 1.523548917921336565e-01
-4.432278376763407884e-02 9.459818301894261372e-03 1.496241583208000880e-01
-3.681609761954685034e-02 3.806378741387193843e-03 1.747894240701121094e-01
-1.908891174367351520e-02 1.952477334883973015e-02 1.610902707935082390e-01
-1.774698811576651616e-02 2.866901550378625485e-02 1.460379550357975564e-01
