-6.032448200218552825e-02 -3.831512943407399535e-02 -1.881230272403930648e-01
-5.585930426379794728e-02 5.916321104418931394e-03 -1.931829951190431882e-01
-4.711897440141658844e-02 6.687323881181216068e-02 -1.837340351382742432e-01
-2.427153723476796823e-02 6.442818360286939328e-02 -1.889745167671437465e-01
-2.978966269529900734e-02 3.712913333965913582e-02 -1.951028138281730162e-01
-3.755409993836633653e-02 -3.296052017807799689e-02 -1.947823430696751790e-01
-6.900520487884304055e-02 -3.087857012569038620e-02 -2.016038401214552134e-01
-7.887908163539592010e-02 -9.462265815413711464e-03 -1.748308973542081757e-01
-8.146785022483472860e-02 2.840617314436554366e-02 -1.881384579941453306e-01
-5.797438867264189527e-02 5.589144785425093770e-02 -1.523818277664543974e-01
-3.976100348658347106e-02 2.630965389396917528e-02 -1.922075787154010063e-01
-4.639571550124012636e-03 2.137649118038403850e-02 -1.968011883492922776e-01
-1.476335918379309206e-02 -5.279071492518749506e-03 -1.973198731056528821e-01
-3.432847345225646662e-02 1.770640877019689224e-02 -1.981054174000614621e-01
-3.435580073734555845e-02 3.547920773107075126e-02 -1.956776097541104154e-01
